From/To	FlightNo	Miles	DepHr	DepMin	ArrHr	ArrMin	TravTime	TravDir
ABQ-DFW	5.680000000e+002	5.690000000e+002	5.000000000e+000	0.000000000e+000	6.000000000e+000	3.400000000e+001	1.566669941e+000	0.000000000e+000
ABQ-DFW	3.460000000e+002	5.690000000e+002	1.300000000e+001	3.000000000e+001	1.500000000e+001	1.200000000e+001	1.700000048e+000	0.000000000e+000
ANC-SEA	6.460000000e+002	1.448000000e+003	1.400000000e+001	5.500000000e+001	1.800000000e+001	5.000000000e+000	3.166670084e+000	1.000000000e+000
ATL-BHM	1.291000000e+003	1.340000000e+002	1.000000000e+001	1.500000000e+001	1.100000000e+001	0.000000000e+000	7.500000000e-001	0.000000000e+000
ATL-BOS	7.860000000e+002	9.460000000e+002	6.000000000e+000	2.800000000e+001	8.000000000e+000	5.000000000e+001	2.366669893e+000	1.000000000e+000
ATL-BOS	6.240000000e+002	9.460000000e+002	1.900000000e+001	1.100000000e+001	2.100000000e+001	4.500000000e+001	2.566669941e+000	1.000000000e+000
ATL-CLE	7.100000000e+002	5.540000000e+002	8.000000000e+000	3.800000000e+001	1.000000000e+001	1.500000000e+001	1.616670012e+000	0.000000000e+000
ATL-DAY	6.150000000e+002	4.320000000e+002	2.000000000e+001	5.500000000e+001	2.200000000e+001	2.000000000e+001	1.416669965e+000	0.000000000e+000
ATL-DEN	4.450000000e+002	1.208000000e+003	8.000000000e+000	3.200000000e+001	1.100000000e+001	5.500000000e+001	3.383330107e+000	-2.000000000e+000
ATL-DEN	4.990000000e+002	1.208000000e+003	1.500000000e+001	2.300000000e+001	1.800000000e+001	4.000000000e+001	3.283329964e+000	-2.000000000e+000
ATL-HNL	5.300000000e+001	4.501000000e+003	1.100000000e+001	5.500000000e+001	2.100000000e+001	3.000000000e+001	9.583330154e+000	-2.000000000e+000
ATL-TYS	4.290000000e+002	1.520000000e+002	2.100000000e+001	5.000000000e+000	2.100000000e+001	5.900000000e+001	8.999999762e-001	0.000000000e+000
ATL-LAS	7.490000000e+002	1.746000000e+003	9.000000000e+000	2.700000000e+001	1.300000000e+001	2.500000000e+001	3.966670036e+000	-2.000000000e+000
ATL-LEX	9.180000000e+002	3.030000000e+002	1.700000000e+001	7.000000000e+000	1.800000000e+001	1.500000000e+001	1.133329988e+000	0.000000000e+000
ATL-LAX	1.565000000e+003	1.946000000e+003	8.000000000e+000	1.500000000e+001	1.200000000e+001	5.000000000e+001	4.583330154e+000	-2.000000000e+000
ATL-MEM	1.677000000e+003	3.320000000e+002	1.900000000e+001	5.800000000e+001	2.100000000e+001	1.000000000e+001	1.200000048e+000	-2.000000000e+000
ATL-BNA	7.840000000e+002	2.140000000e+002	1.200000000e+001	0.000000000e+000	1.300000000e+001	0.000000000e+000	1.000000000e+000	-1.000000000e+000
ATL-MSY	3.750000000e+002	4.250000000e+002	8.000000000e+000	3.000000000e+001	9.000000000e+000	5.500000000e+001	1.416669965e+000	-1.000000000e+000
ATL-MSY	7.710000000e+002	4.250000000e+002	2.300000000e+001	3.000000000e+000	2.400000000e+001	2.500000000e+001	1.366670012e+000	-1.000000000e+000
ATL-JFK	1.212000000e+003	7.650000000e+002	1.000000000e+001	1.700000000e+001	1.200000000e+001	3.000000000e+001	2.216670036e+000	1.000000000e+000
ATL-JFK	1.298000000e+003	7.650000000e+002	2.100000000e+001	2.000000000e+001	2.300000000e+001	2.500000000e+001	2.083329916e+000	1.000000000e+000
ATL-OMA	1.480000000e+003	8.210000000e+002	1.000000000e+001	1.900000000e+001	1.200000000e+001	4.000000000e+001	2.349999905e+000	-2.000000000e+000
ATL-SNA	7.160000000e+002	1.919000000e+003	8.000000000e+000	3.800000000e+001	1.300000000e+001	2.500000000e+001	4.783329964e+000	-2.000000000e+000
ATL-PHX	3.450000000e+002	1.587000000e+003	1.900000000e+001	7.000000000e+000	2.300000000e+001	1.000000000e+001	4.050000191e+000	-2.000000000e+000
ATL-PIT	6.620000000e+002	5.260000000e+002	1.300000000e+001	3.600000000e+001	1.500000000e+001	5.000000000e+000	1.483330011e+000	0.000000000e+000
ATL-PDX	5.100000000e+001	2.172000000e+003	1.000000000e+001	1.000000000e+001	1.500000000e+001	5.000000000e+000	4.916669846e+000	-2.000000000e+000
ATL-STL	6.740000000e+002	4.840000000e+002	2.100000000e+001	2.000000000e+000	2.200000000e+001	4.500000000e+001	1.716670036e+000	-2.000000000e+000
ATL-SFO	2.170000000e+002	2.139000000e+003	8.000000000e+000	4.000000000e+001	1.300000000e+001	5.500000000e+001	5.250000000e+000	-2.000000000e+000
ATL-SFO	1.792000000e+003	2.139000000e+003	1.900000000e+001	3.000000000e+000	2.400000000e+001	2.000000000e+001	5.283329964e+000	-2.000000000e+000
ATL-TLH	4.950000000e+002	2.230000000e+002	1.100000000e+001	5.700000000e+001	1.200000000e+001	5.500000000e+001	9.666699767e-001	0.000000000e+000
ATL-DCA	1.204000000e+003	5.430000000e+002	1.300000000e+001	4.300000000e+001	1.500000000e+001	2.500000000e+001	1.700000048e+000	1.000000000e+000
ATL-DCA	9.780000000e+002	5.430000000e+002	2.100000000e+001	1.600000000e+001	2.200000000e+001	5.500000000e+001	1.649999976e+000	1.000000000e+000
AUS-DFW	9.450000000e+002	1.830000000e+002	6.000000000e+000	2.500000000e+001	7.000000000e+000	2.100000000e+001	9.333299994e-001	0.000000000e+000
BWI-CVG	1.199000000e+003	4.300000000e+002	1.600000000e+001	4.500000000e+001	1.800000000e+001	2.000000000e+001	1.583330035e+000	-2.000000000e+000
BGR-BOS	6.030000000e+002	2.010000000e+002	1.300000000e+001	4.000000000e+001	1.400000000e+001	3.500000000e+001	9.166700244e-001	0.000000000e+000
BOS-ATL	1.103000000e+003	9.460000000e+002	6.000000000e+000	1.500000000e+001	8.000000000e+000	5.000000000e+001	2.583329916e+000	-1.000000000e+000
BOS-ATL	1.085000000e+003	9.460000000e+002	1.100000000e+001	4.000000000e+001	1.400000000e+001	2.000000000e+001	2.666670084e+000	-1.000000000e+000
BOS-ATL	6.510000000e+002	9.460000000e+002	1.900000000e+001	5.000000000e+000	2.100000000e+001	4.800000000e+001	2.716670036e+000	-1.000000000e+000
BOS-DFW	6.290000000e+002	1.561000000e+003	1.100000000e+001	2.000000000e+001	1.500000000e+001	2.500000000e+001	4.083330154e+000	-1.000000000e+000
BOS-JFK	1.837000000e+003	1.820000000e+002	1.400000000e+001	3.000000000e+001	1.500000000e+001	3.200000000e+001	1.033329964e+000	1.000000000e+000
CVG-CLE	3.980000000e+002	2.210000000e+002	2.000000000e+001	5.800000000e+001	2.100000000e+001	5.500000000e+001	9.499999881e-001	0.000000000e+000
DFW-ATL	1.600000000e+001	7.310000000e+002	6.000000000e+000	1.500000000e+001	8.000000000e+000	1.500000000e+001	2.000000000e+000	2.000000000e+000
DFW-ATL	2.980000000e+002	7.310000000e+002	1.300000000e+001	7.000000000e+000	1.500000000e+001	1.500000000e+001	2.133330107e+000	2.000000000e+000
DFW-ATL	1.120000000e+003	7.310000000e+002	2.000000000e+001	5.900000000e+001	2.200000000e+001	5.100000000e+001	1.866670012e+000	2.000000000e+000
DFW-DEN	4.750000000e+002	6.450000000e+002	1.100000000e+001	4.700000000e+001	1.300000000e+001	4.500000000e+001	1.966670036e+000	-1.000000000e+000
DFW-MSY	4.900000000e+002	4.470000000e+002	6.000000000e+000	1.500000000e+001	7.000000000e+000	3.000000000e+001	1.250000000e+000	1.000000000e+000
DFW-JFK	2.860000000e+002	1.395000000e+003	1.200000000e+001	2.000000000e+001	1.500000000e+001	3.000000000e+001	3.166670084e+000	1.000000000e+000
DFW-SLC	3.310000000e+002	9.880000000e+002	1.800000000e+001	5.000000000e+001	2.100000000e+001	4.200000000e+001	2.866669893e+000	-1.000000000e+000
DFW-SAN	8.590000000e+002	1.171000000e+003	8.000000000e+000	1.100000000e+001	1.100000000e+001	1.800000000e+001	3.116669893e+000	-2.000000000e+000
DFW-SFO	2.730000000e+002	1.465000000e+003	1.900000000e+001	1.600000000e+001	2.300000000e+001	0.000000000e+000	3.733330011e+000	-2.000000000e+000
DEN-ATL	1.108000000e+003	1.208000000e+003	1.200000000e+001	5.000000000e+001	1.500000000e+001	3.500000000e+001	2.750000000e+000	2.000000000e+000
DEN-SLC	1.666000000e+003	3.810000000e+002	7.000000000e+000	0.000000000e+000	8.000000000e+000	2.000000000e+001	1.333330035e+000	-2.000000000e+000
FAI-ANC	1.172000000e+003	2.610000000e+002	7.000000000e+000	1.500000000e+001	8.000000000e+000	1.000000000e+001	9.166700244e-001	0.000000000e+000
HNL-DFW	1.600000000e+001	3.784000000e+003	1.800000000e+001	1.500000000e+001	2.500000000e+001	1.500000000e+001	7.000000000e+000	2.000000000e+000
HNL-LAX	1.578000000e+003	2.555000000e+003	9.000000000e+000	4.500000000e+001	1.400000000e+001	4.300000000e+001	4.966670036e+000	2.000000000e+000
HOU-ATL	1.123000000e+003	6.890000000e+002	9.000000000e+000	5.500000000e+001	1.100000000e+001	4.600000000e+001	1.850000024e+000	2.000000000e+000
JAX-ATL	9.620000000e+002	2.700000000e+002	1.900000000e+001	0.000000000e+000	2.000000000e+001	9.000000000e+000	1.149999976e+000	0.000000000e+000
MCI-DFW	1.058000000e+003	4.590000000e+002	1.300000000e+001	1.000000000e+001	1.400000000e+001	4.000000000e+001	1.500000000e+000	0.000000000e+000
LAS-ATL	4.960000000e+002	1.746000000e+003	8.000000000e+000	4.000000000e+001	1.200000000e+001	2.700000000e+001	3.783329964e+000	2.000000000e+000
LAX-ATL	1.820000000e+002	1.946000000e+003	0.000000000e+000	1.000000000e+001	4.000000000e+000	6.000000000e+000	3.933330059e+000	2.000000000e+000
LAX-ATL	1.780000000e+002	1.946000000e+003	1.000000000e+001	3.500000000e+001	1.400000000e+001	4.000000000e+001	4.083330154e+000	2.000000000e+000
LAX-ATL	1.880000000e+002	1.946000000e+003	2.300000000e+001	0.000000000e+000	2.600000000e+001	4.500000000e+001	3.750000000e+000	2.000000000e+000
LAX-LAS	1.605000000e+003	2.360000000e+002	1.200000000e+001	1.000000000e+001	1.300000000e+001	1.000000000e+001	1.000000000e+000	1.000000000e+000
LAX-JFK	3.080000000e+002	2.477000000e+003	8.000000000e+000	0.000000000e+000	1.300000000e+001	2.000000000e+001	5.333330154e+000	2.000000000e+000
LAX-SLC	1.609000000e+003	5.900000000e+002	6.000000000e+000	0.000000000e+000	7.000000000e+000	4.300000000e+001	1.716670036e+000	1.000000000e+000
LAX-SFO	1.517000000e+003	3.370000000e+002	2.000000000e+001	1.000000000e+001	2.100000000e+001	2.500000000e+001	1.250000000e+000	-1.000000000e+000
MSP-ORD	1.878000000e+003	3.450000000e+002	1.000000000e+001	3.500000000e+001	1.100000000e+001	5.100000000e+001	1.266669989e+000	0.000000000e+000
BNA-ATL	5.860000000e+002	2.140000000e+002	1.200000000e+001	2.000000000e+001	1.300000000e+001	1.800000000e+001	9.666699767e-001	1.000000000e+000
MSY-ATL	6.160000000e+002	4.250000000e+002	1.700000000e+001	4.000000000e+001	1.900000000e+001	0.000000000e+000	1.333330035e+000	1.000000000e+000
MSY-DFW	8.250000000e+002	4.470000000e+002	6.000000000e+000	0.000000000e+000	7.000000000e+000	3.400000000e+001	1.566669941e+000	-1.000000000e+000
JFK-DFW	2.850000000e+002	1.395000000e+003	1.800000000e+001	0.000000000e+000	2.200000000e+001	5.000000000e+000	4.083330154e+000	-1.000000000e+000
JFK-ATL	4.970000000e+002	7.650000000e+002	7.000000000e+000	0.000000000e+000	9.000000000e+000	1.700000000e+001	2.283329964e+000	-1.000000000e+000
JFK-ATL	1.490000000e+002	7.650000000e+002	1.700000000e+001	0.000000000e+000	1.900000000e+001	2.500000000e+001	2.416670084e+000	-1.000000000e+000
JFK-CVG	1.997000000e+003	5.920000000e+002	1.700000000e+001	1.000000000e+001	1.900000000e+001	2.000000000e+001	2.166670084e+000	-2.000000000e+000
JFK-SFO	1.699000000e+003	2.588000000e+003	1.700000000e+001	2.500000000e+001	2.300000000e+001	4.000000000e+001	6.250000000e+000	-2.000000000e+000
OAK-SLC	1.216000000e+003	5.880000000e+002	5.000000000e+000	5.000000000e+001	7.000000000e+000	2.300000000e+001	1.549999952e+000	2.000000000e+000
SNA-SLC	1.488000000e+003	5.880000000e+002	1.600000000e+001	3.500000000e+001	1.800000000e+001	1.700000000e+001	1.700000048e+000	1.000000000e+000
PHL-ATL	1.127000000e+003	6.650000000e+002	1.200000000e+001	3.000000000e+001	1.400000000e+001	3.300000000e+001	2.049999952e+000	-1.000000000e+000
PHX-ATL	6.100000000e+002	1.587000000e+003	7.000000000e+000	0.000000000e+000	1.000000000e+001	2.400000000e+001	3.400000095e+000	2.000000000e+000
PHX-LAX	1.230000000e+003	3.700000000e+002	2.100000000e+001	1.000000000e+001	2.200000000e+001	3.000000000e+001	1.333330035e+000	-2.000000000e+000
PDX-ATL	5.200000000e+001	2.172000000e+003	1.200000000e+001	5.000000000e+000	1.600000000e+001	3.000000000e+001	4.416669846e+000	2.000000000e+000
RDU-ATL	1.049000000e+003	3.560000000e+002	2.000000000e+001	3.500000000e+001	2.100000000e+001	4.500000000e+001	1.166669965e+000	1.000000000e+000
RNO-DFW	9.380000000e+002	1.345000000e+003	6.000000000e+000	5.500000000e+001	9.000000000e+000	5.900000000e+001	3.066669941e+000	1.000000000e+000
SLC-ATL	1.600000000e+002	1.589000000e+003	1.200000000e+001	5.000000000e+000	1.500000000e+001	3.500000000e+001	3.500000000e+000	2.000000000e+000
SLC-SAN	6.780000000e+002	6.260000000e+002	2.100000000e+001	3.700000000e+001	2.300000000e+001	3.000000000e+001	1.883329988e+000	-1.000000000e+000
SLC-SFO	1.073000000e+003	5.990000000e+002	8.000000000e+000	5.800000000e+001	1.000000000e+001	4.000000000e+001	1.700000048e+000	-2.000000000e+000
SAT-ATL	7.620000000e+002	8.740000000e+002	1.200000000e+001	3.500000000e+001	1.400000000e+001	4.500000000e+001	2.166670084e+000	2.000000000e+000
SAN-ATL	2.760000000e+002	1.891000000e+003	1.500000000e+001	0.000000000e+000	1.800000000e+001	4.900000000e+001	3.816669941e+000	2.000000000e+000
SAN-DFW	6.180000000e+002	1.171000000e+003	7.000000000e+000	1.500000000e+001	1.000000000e+001	5.000000000e+000	2.833329916e+000	2.000000000e+000
SFO-ATL	7.640000000e+002	2.139000000e+003	8.000000000e+000	2.000000000e+001	1.200000000e+001	3.800000000e+001	4.300000191e+000	2.000000000e+000
SFO-ATL	2.940000000e+002	2.139000000e+003	2.200000000e+001	1.000000000e+001	2.600000000e+001	3.000000000e+001	4.333330154e+000	2.000000000e+000
SFO-DFW	3.400000000e+002	1.465000000e+003	1.100000000e+001	0.000000000e+000	1.400000000e+001	1.600000000e+001	3.266669989e+000	2.000000000e+000
SFO-LAX	8.080000000e+002	3.370000000e+002	6.000000000e+000	0.000000000e+000	7.000000000e+000	1.100000000e+001	1.183330059e+000	1.000000000e+000
SFO-SLC	1.567000000e+003	5.990000000e+002	1.100000000e+001	2.000000000e+001	1.200000000e+001	5.700000000e+001	1.616670012e+000	2.000000000e+000
SEA-ATL	2.920000000e+002	2.181000000e+003	2.000000000e+001	2.000000000e+001	2.400000000e+001	4.200000000e+001	4.366670132e+000	1.000000000e+000
SEA-ANC	1.717000000e+003	1.448000000e+003	1.200000000e+001	1.500000000e+001	1.500000000e+001	3.300000000e+001	3.299999952e+000	-1.000000000e+000
SEA-LAX	1.944000000e+003	9.540000000e+002	6.000000000e+000	5.000000000e+001	9.000000000e+000	2.000000000e+001	2.500000000e+000	0.000000000e+000
DCA-ATL	2.770000000e+002	5.430000000e+002	1.400000000e+001	2.500000000e+001	1.600000000e+001	1.500000000e+001	1.833330035e+000	-1.000000000e+000
DCA-BOS	1.862000000e+003	4.030000000e+002	2.000000000e+001	1.500000000e+001	2.100000000e+001	3.300000000e+001	1.299999952e+000	-1.000000000e+000
DCA-MCO	5.570000000e+002	7.590000000e+002	8.000000000e+000	2.500000000e+001	1.000000000e+001	4.500000000e+001	2.333329916e+000	0.000000000e+000
